0 0 c30e2290-3296-437b-81f2-688c3cf02149 1
0 0 6646b526-fdec-4a16-b3db-d0be864e878d 1
0 0 2e36ee94-6bb8-4520-90fa-5eb49322e7bc 1
0 0 e3a281ea-39c7-4461-b657-300300603a59 1
0 0 cc48b17f-269e-4921-aa17-5ad892cc231e 1
0 0 8f2209ce-beea-4954-a8ac-736562f903b3 1
0 0 0fec8ad7-f220-4d98-9f37-7c6be8f0e21a 1
0 0 de664395-18b8-46a8-b4c9-d0a0bc324b5f 1
0 0 0973f0fd-1221-48ef-b848-2e5a436e1e7e 1
0 0 43b4592b-0709-46a8-a36c-4fb5999e83df 1
0 0 1355b11b-e4a6-4faf-ac55-1de3d44d0cbb 1
0 0 1728ef0e-9655-4085-8d6d-c3c116ddb61f 1
0 0 5fc8fca7-01a8-40db-b9b8-7627d1024b6b 1
0 0 5bd6677e-8772-4ea9-85be-3525cf9d0bf7 1
0 0 fa739989-1557-4f8b-8eb1-c2515ac2658f 1
0 0 4f136c03-9c9c-47a9-9961-b787cac96c4b 1
0 0 1b4860bf-aeb2-47c3-87b6-8c5e0a68740f 1
0 0 c08227bb-988e-4d3e-8322-8a9e2d0ddcfc 1
0 0 0b608014-cc51-4991-993e-5a80372872e3 1
0 0 cd2fe958-c24f-4315-b2aa-ec787ee0d4d5 1
0 0 b076058a-9637-467b-b806-4932dec013be 1
0 0 869be904-e997-4f0e-8755-5d8b9bb4daf8 1
0 0 7328fdfa-96ea-48d3-850c-befbc0f07799 1
0 0 701c09c2-2b40-44c9-b747-5fd51b3c00db 1
0 0 b32b874b-12ae-4fbf-9f63-fba862d4b95f 1
0 0 366ca404-4d37-4abd-af92-e2137400a452 1
0 0 72932b87-64d7-4ca2-beae-8c14950eceab 1
0 0 f3af2b9b-bab5-4616-a7b0-2a1d104b5ce6 1
0 0 81eb06d4-1865-4d6d-a471-b7dde2286f76 1
