0 0 5df9ce90-269a-4f5d-b606-409209803a7a 1
0 0 3382bc00-f0d2-4b70-b5a3-7a716fdcbdeb 1
0 0 32860dfa-3368-4b5c-a62b-c54062b00f39 1
0 0 af82011b-3833-4f1d-9158-913ebcff0797 1
0 0 21143bf5-db43-4e4c-b249-9426844760d2 1
0 0 61c674cb-6150-4047-9aa2-a3e67e4bd81e 1
0 0 dd681f7e-1283-456e-abb1-d972b90973d8 1
0 0 b5a2cdf9-879d-4797-9165-fc9861322130 1
0 0 0537aee3-cf4e-4acd-8102-7cef3c4c78d9 1
0 0 fbd5f66f-95ee-4bb0-b784-b9ff75aa1960 1
0 0 80848cae-972d-4d66-8af7-18ffe9f31efb 1
0 0 38742387-956b-4159-bfd0-f54964150513 1
0 0 414554c8-6e7b-4e57-81f5-5da8deddc8c3 1
0 0 7650b8af-b723-4dee-bd74-6b40094d2654 1
0 0 ef83106d-9d05-4d82-be41-02262d5be429 1
0 0 0d020e64-1e24-4806-bab6-6d604b751c71 1
0 0 5f5ecda1-635e-4e08-a7e0-bd6c26689220 1
0 0 2cf09515-4675-4722-9435-a15d203cc1a8 1
0 0 0991161d-853b-4a28-ad44-30334a0fb3b3 1
0 0 eb9a8359-cd89-4208-a342-e0055015d6f3 1
0 0 fc8a09f5-55a6-4bd8-944e-3a6e2068df2a 1
0 0 385c7eec-51fc-41d3-a93f-f364572f0873 1
0 0 018185d0-2389-4fca-800b-86e3e28f5e56 1
0 0 2e43093a-112a-4702-b278-f4c3cb7044b1 1
