0 0 5f80f523-59b7-43ea-b4ba-47ad70ca3276 1
0 0 8161d2f7-177e-4268-b0ae-4a680fb91cd4 1
0 0 c53be309-5b03-45ed-a96e-b1c52b2caa77 1
0 0 fe999c6f-25b7-4f8d-9e6c-09d393e73e18 1
0 0 01a4412b-2fa0-4376-bcbb-dd68fac9c42f 1
0 0 8239f8b5-54f8-4f30-ade6-03d740e3d99f 1
0 0 e9d19727-b3f1-49dc-8bc7-413256519140 1
0 0 fe4c3857-1493-41f1-ac6b-8a0aff89b510 1
0 0 29dba26f-bc32-46a4-abe8-e504f3dba51b 1
0 0 2efb8c4d-b90c-40f3-8be2-5b943b871046 1
0 0 e0e4b271-6f92-4ce2-b8f5-de7ffea14eaa 1
0 0 e8d01d23-0245-42ad-98b5-fac9833fb346 1
0 0 e8a75282-4133-46d4-adeb-d4a8568e3d69 1
0 0 272fea5e-0b1d-40e7-ae30-3708c92122ab 1
0 0 10d78b04-57f0-4209-81af-9a09ca4668ff 1
0 0 e54c89d2-9849-4d67-a5b2-bc540c82ca67 1
0 0 748a8d52-c5e8-4132-980f-8fae6eb06c2d 1
0 0 db1e319e-56e5-4b43-9b9e-862903f05748 1
0 0 b2773069-de56-446c-80de-3bdf396b0818 1
0 0 6963d70c-7044-40ce-9db3-9e71c0fd9121 1
0 0 4eb663eb-ba23-4504-9175-76ab0ece4863 1
