0 0 9383cb58-962c-4aa3-bcac-027243eeb49b 1
0 0 1090313b-8977-4d4c-906c-29df826240ef 1
0 0 f21bb436-cbb0-4c82-8706-c38b49112391 1
0 0 935efc19-5513-4112-b656-cfd17522cb98 1
0 0 ea9a9a32-5ea6-4f7a-8876-96b40531df0d 1
0 0 530de180-39c4-4dea-af93-2e7f73a03beb 1
0 0 b0353480-ded6-4069-98e1-708e6241f411 1
0 0 16840458-0a20-4436-83b7-6fe665c2c9c3 1
0 0 41e11bda-089c-4247-8fef-85a6fdce115b 1
0 0 d968f70b-983a-4c8d-9767-8c3177304dd3 1
0 0 e59af74c-e8ec-4ec3-ad99-ff1e62466457 1
0 0 8b650a5a-11a1-410b-bfa9-92212c024592 1
0 0 98f4ebce-23b2-4456-9fff-dfafa4a72924 1
0 0 3b392c1a-e7fe-4787-86b0-cdc07615685f 1
0 0 5fefdf57-d29f-4a87-84ce-51435c5553d0 1
0 0 209fcc6a-da7f-4858-9c10-3a306bf7ccab 1
0 0 c313fa53-9374-47ec-936c-ce68d6e248e1 1
0 0 b87d6705-9b14-4868-96be-1a38831117bb 1
0 0 f66b4a41-c550-435f-a62d-36ae5dd6464b 1
0 0 621b84c6-4f5a-40be-8d6f-97157f8b53b9 1
0 0 b95d974d-268d-449b-bfac-f8dbd4f21235 1
0 0 0811b442-876d-4dfb-9807-01cd907c6c19 1
0 0 fbc0a8cb-3d4a-4092-acf5-224a3eca5e8c 1
0 0 ccccd1bd-f87a-41e3-a9b3-68d38674fbd7 1
