0 0 d4f6bb09-4359-4357-a03e-35ebad2f1f56 1
0 0 30b6dba3-2759-4a2a-a4dd-d03123d67bb0 1
0 0 a0487917-e751-4619-bfd6-a06b04a28e98 1
0 0 36ac369e-8c77-4843-93bf-cf1dba287be4 1
0 0 3d81d7ca-d998-4dd8-be41-54d867ff5fd3 1
0 0 dcf63a8b-b66e-4814-b497-013884a79238 1
0 0 ebcafb85-8174-4e0b-ad90-d56bcf0e8d25 1
0 0 2ca99de6-6ff5-459b-b5c6-7b7b7be9816d 1
0 0 94007cac-5254-4d96-8827-d02d614bd7fa 1
0 0 40ec5713-1f0a-4d56-8b80-6ab4a590c812 1
0 0 cd5fde9e-e436-4bdc-99d0-0a99c4480337 1
0 0 e04c9205-1582-45ba-9a65-2e09ea2a731c 1
0 0 819de2b0-57a5-47b8-a5b7-c25d8b55f545 1
0 0 aa995fd7-bc8a-4e8a-9691-2e861b877da4 1
0 0 0833356d-321a-467b-9000-e7c55678bbf0 1
0 0 74e2fabf-d388-49bb-bae6-97993597e0d9 1
0 0 110555e4-97bf-409d-be1c-ae691c8a5eed 1
0 0 9df87ed0-7a83-4d8d-acaf-5bcb8877d9c9 1
0 0 adf84a28-65d8-473f-94e9-0034445f1666 1
0 0 016fb2bf-f308-4882-8a03-767db8ef9328 1
0 0 f57fdad7-ab35-4de1-96b1-826948e70750 1
0 0 438bf9f1-fdfd-40b6-8541-1ddba2fa6511 1
0 0 9f48a7d4-8225-443e-996a-ff3a5b47c2ba 1
0 0 58bc0792-9ea6-4cdb-8978-4391c550b4b8 1
0 0 7bd4c3a2-f97b-481e-a73b-bfbc76d936bd 1
0 0 64e81093-7cd3-44ee-b7dc-6e22a67c0f15 1
0 0 fea56ffe-504b-4aa6-858c-6aa911be4c65 1
0 0 0e6dfedb-9608-4a19-b16e-c104e57f3fc0 1
0 0 4887b9dd-b392-4a2b-95ec-abe082ade24c 1
0 0 c2ffea95-804b-4e37-b151-c45322069fa6 1
