0 0 e4e1463d-5c1b-4aa7-8a7f-76feb8ca8241 1
0 0 fe73c1db-b3b7-43c4-ad1e-74d6bc0a94a8 1
0 0 7978e129-7086-44c9-9948-d61edf14b15a 1
0 0 2398ab28-5057-4faa-b03f-58b20aa82bd8 1
0 0 20ae81eb-8c40-422f-b5ce-7d339b5cde39 1
0 0 c9672832-e7e2-4c05-a455-528521cb78dd 1
0 0 ba847359-de7e-44e7-87fd-e099949546c9 1
0 0 f2a75295-2e02-4d36-9bfd-1bd0601f0b6a 1
0 0 67c62584-6dd5-4a1b-827f-ddd049c90a24 1
0 0 f31620ec-bf1f-40ff-b7ac-afe64589f358 1
0 0 e148b11f-5700-49c9-8d74-78b7e45728bd 1
0 0 af4dd749-daf5-481a-8227-06fca739ca65 1
0 0 6c2c4257-fbe1-4263-8785-0115f9bfb64d 1
0 0 89e586b2-c329-440c-aa38-c7304dd707c2 1
0 0 3908df7b-f44f-4454-9587-14b0b2652c31 1
0 0 d9ad140e-989c-4f21-b73e-0d7dd5114191 1
0 0 fa86e548-448a-4dfd-99dc-57cbd7161d6e 1