0 0 8f05f3df-91c8-435e-a4ba-0c5dd4c53147 1
0 0 1c4aeb15-a235-49fb-8f43-2ac79da9e9ce 1
0 0 828fc3e9-92ce-4127-b8f3-d3a424cfdbf8 1
0 0 4e769a1c-85fa-4e2c-b06e-03c6d95677ce 1
0 0 a79c87d0-a95d-4372-99e3-2769dbe7c833 1
0 0 c6a7915e-fa0a-4dde-9c67-2ec85381162d 1
0 0 24eb5e26-d1a5-4698-9d3c-3df675c108ff 1
0 0 22ff6193-3e1f-4e2b-9dbd-9cf010dc5881 1
0 0 1bddb512-09ea-42e2-8719-e24fac034d0b 1
0 0 2b28caf6-5510-4821-a5a1-4113077ad94d 1
0 0 519a76f6-31f5-487e-b5ce-74294fd28340 1
0 0 d1462069-cc4b-4a1e-80bc-245d51ebfda2 1
0 0 d44c8515-4b31-4816-b57c-08f7c4fd1806 1
0 0 ca73cd54-1437-434a-9ca4-c27ca40908c6 1
0 0 1a5a6d2c-cf69-4b2e-bc07-dbce7633fc42 1
0 0 ebef2f3c-812f-4575-afc4-c10d6bed40e1 1
0 0 d0ee1e7e-e26b-4d86-802c-92fac709445a 1
0 0 3f4b9221-5bbc-45b5-a0b0-53376c855101 1
