0 0 80260768-3fde-47dc-bcb5-15ad52bc3928 1
0 0 e8bb5c4f-9d68-4688-9583-b880e35aa85f 1
0 0 9f869bf2-9198-4a5e-9b5e-5fe91f17c0c7 1
0 0 e9e72d5f-d70b-46d2-8ef9-660584b8956f 1
0 0 8dee0440-7897-46bb-9b8e-d8ba4cda92fb 1
0 0 44b09d98-bdff-43ba-be4e-fca9483de1c4 1
0 0 309b8cdb-7ace-4ee3-8cd8-e39c78841572 1
0 0 7ea0935f-1788-499c-bfa0-777646e1e5dc 1
0 0 3f32c3c1-774d-4349-b4f9-efc0817746c9 1
0 0 342caa02-fd81-4026-adf4-ff406cf1dc5e 1
0 0 ecc5ced0-edd3-4c3f-ae87-5d3a522ed51c 1
0 0 a5d3dcce-1fa3-45bb-852f-4b215def5311 1
0 0 ff434557-e22f-4cac-a22d-f894a83c0f94 1
0 0 1b7a904d-9fda-4452-a449-c146d076a4e5 1
0 0 61597151-402f-48fb-9e52-d0d68749221a 1
0 0 22f82635-66aa-4c56-9d00-caa6fbc24b7e 1
0 0 107f5566-3c06-4907-b2e5-693a0f2f3b33 1
0 0 f6129c0d-3cdf-4e7a-b1d5-b4436f8e8192 1
0 0 06b31f8e-7627-48ab-949f-bae746eefe4d 1
0 0 6383b1e4-9baf-4776-a69c-b8fc5a2cbbc0 1
0 0 e0c538db-0b32-4a62-bf0a-73ef16f55e9e 1
0 0 d0d9bc71-37c3-4f44-abe6-68701b064ade 1
0 0 5d493c2f-660a-4dd3-a7fa-e47e330617f5 1
0 0 0409d603-2106-4356-a00f-ac7cf2001d89 1
0 0 a9c900b5-2b5c-4322-87c4-ec7c1c6c0819 1
0 0 cbbbff8e-a722-4778-b7ad-fb769fffe0ac 1
0 0 6f64cb33-1a22-439d-a631-a4bed67f2e35 1
0 0 fea67dbd-80a7-48c8-9092-7bd04ced3905 1
0 0 e451ed5f-d028-41bb-8370-fe73106604cc 1
