0 0 86b24563-4c4e-48dc-a476-8408cce36e80 1
0 0 86b24563-4c4e-48dc-a476-8408cce36e80 1
0 0 3c373422-ee71-4fac-9353-621a051df9b4 1
0 0 338c9a21-fb9e-46b2-9de6-024ed6a6196d 1
0 0 16931080-49b8-404a-820e-a9622ddb26ea 1
0 0 f7f748c8-b742-47be-b574-7fb7352216ff 1
0 0 8604692e-ee81-4aa0-906d-61bbbb60983f 1
0 0 aedd0ac4-f47f-456b-a85c-53d9e41b3f3b 1
0 0 a9780681-9056-4dab-aaff-7261b6dc3812 1
0 0 3f3f7bf0-b49d-4b8a-8ff0-753653f96757 1
0 0 19c8b8d0-d061-4db9-b892-1ddeee54ead6 1
0 0 97e3ab60-6eb4-4955-ab08-fb24728aaf2a 1
0 0 0baa1186-fd57-4c12-bce0-c77bd460dc41 1
0 0 35966a06-7ee4-449d-88a1-133ea9fae928 1
0 0 12da5c09-2e92-4024-8d01-21df534a19a5 1
0 0 354cd1eb-dc01-4bda-a6a3-bf18bef7496b 1
0 0 3431a538-96e5-4536-814f-526694e07ca3 1
0 0 f8bcb046-a27a-4271-96d9-f6c2919359a6 1
