0 0 8bf4c354-5045-447e-a67a-70700e05e8b1 1
0 0 594a822b-eace-476f-9dfd-7626ced8c267 1
0 0 dacede8a-43cf-4d54-8795-9dba761e19f7 1
0 0 54612e2c-a986-4ed3-90a0-169080a461cf 1
0 0 c1ce61a7-4923-42cb-97e6-42101bdeaa47 1
0 0 f70ef964-e0ba-4020-a0f3-69510d8d269a 1
0 0 a0d816e9-c622-41d7-a1ba-61493e7f8bea 1
0 0 e53321f3-8add-4726-8700-62a047c66a72 1
0 0 723c2470-1ccd-48e7-81f0-5a3ca47c2900 1
0 0 53e14793-f5bd-4918-bc4e-ae8d9da13123 1
0 0 15b96220-048e-4bc4-b88f-94d7ba70e41c 1
0 0 05631e00-9518-42e2-a5a6-753b56dfc63d 1
0 0 8d1c597f-e41c-4788-8343-a8a88102d4dd 1
0 0 1fea89ff-e25a-4708-8390-b9d0e72412a7 1
0 0 364c9582-3eed-40dd-8b27-5716cae7847b 1
0 0 5d5abcf0-e5f6-4271-ab35-a10d81fbfc19 1
0 0 39335693-3943-4c2f-a3ac-3fb6cdcc1bf1 1
0 0 65069169-ce4a-4af8-b6eb-a9139a4f816f 1
0 0 1db26f31-c700-4118-bf9f-1f732780bfdb 1
